scanningDistance,errScanDist,normalizedCharge,errorCharge
0,0.88,-1.8262,0.408629
1,0.88,-2.427,0.408629
2,0.88,-3.82495,0.408629
3,0.88,-0.819537,0.408629
4,0.88,-2.50934,0.408629
5,0.88,-2.35407,0.408629
6,0.88,-2.03412,0.408629
7,0.88,-1.02231,0.408629
8,0.88,-1.39714,0.408629
9,0.88,-1.68091,0.408629
10,0.88,-0.174478,0.408629
11,0.88,-1.50981,0.408629
12,0.88,-2.95068,0.408629
13,0.88,-2.96556,0.408629
14,0.88,-1.50141,0.408629
15,0.88,-1.02136,0.408629
16,0.88,-0.218738,0.408629
17,0.88,-0.317235,0.408629
18,0.88,0.251338,0.408629
19,0.88,-0.30718,0.408629
20,0.88,0.737883,0.408629
21,0.88,0.214837,0.408629
22,0.88,-2.06674,0.408629
23,0.88,-0.269095,0.408629
24,0.88,-0.723019,0.408629
25,0.88,-0.98003,0.408629
26,0.88,-2.08321,0.408629
27,0.88,-0.934819,0.410653
28,0.88,0.354348,0.408629
29,0.88,0.457991,0.408629
30,0.88,-0.998716,0.408629
31,0.88,-0.71431,0.408629
32,0.88,-0.805681,0.408629
33,0.88,-2.57102,0.408629
34,0.88,1.36164,0.408629
35,0.88,-1.04781,0.408629
36,0.88,-2.86255,0.408629
37,0.88,0.654905,0.408629
38,0.88,-1.42231,0.408629
39,0.88,-0.343364,0.408629
40,0.88,-0.915421,0.408629
41,0.88,-0.215492,0.410653
42,0.88,-0.257456,0.408629
43,0.88,-1.60989,0.408629
44,0.88,-0.985176,0.408629
45,0.88,-3.66739,0.408629
46,0.88,-0.46506,0.408629
47,0.88,-1.56824,0.408629
48,0.88,-2.51773,0.408629
49,0.88,-1.54694,0.408629
50,0.88,-0.365929,0.408629
51,0.88,-0.431172,0.408629
52,0.88,-0.839569,0.408629
53,0.88,-1.39619,0.408629
54,0.88,-1.36325,0.408629
55,0.88,-1.6722,0.408629
56,0.88,-2.06706,0.408629
57,0.88,-1.19531,0.408629
58,0.88,-2.84094,0.408629
59,0.88,-2.10482,0.408629
60,0.88,-3.67871,0.408629
61,0.88,-6.30218,0.408629
62,0.88,-5.20351,0.408629
63,0.88,-7.33917,0.408629
64,0.88,-6.00835,0.408629
65,0.88,-7.76142,0.408629
66,0.88,-8.67766,0.408629
67,0.88,-7.65936,0.408629
68,0.88,-8.91107,0.408629
69,0.88,-10.1844,0.408629
70,0.88,-9.85606,0.408629
71,0.88,-9.05732,0.408629
72,0.88,-11.0144,0.408629
73,0.88,-11.1975,0.408629
74,0.88,-10.977,0.408629
75,0.88,-10.955,0.408629
76,0.88,-10.8139,0.408629
77,0.88,-10.8463,0.408629
78,0.88,-10.555,0.408629
79,0.88,-11.7079,0.408629
80,0.88,-11.5759,0.408629
81,0.88,-12.5131,0.408629
82,0.88,-10.5938,0.408629
83,0.88,-12.0388,0.408629
84,0.88,-11.468,0.408629
85,0.88,-11.3847,0.408629
86,0.88,-9.89834,0.408629
87,0.88,-12.5331,0.408629
88,0.88,-10.7568,0.408629
89,0.88,-10.2157,0.408629
90,0.88,-10.8604,0.408629
91,0.88,-11.7047,0.408629
92,0.88,-11.7412,0.408629
93,0.88,-10.7103,0.408629
94,0.88,-10.0023,0.408629
95,0.88,-12.0792,0.408629
96,0.88,-10.4227,0.408629
97,0.88,-10.1779,0.408629
98,0.88,-12.0996,0.408629
99,0.88,-11.571,0.408629
100,0.88,-12.4156,0.408629
101,0.88,-11.1597,0.408629
102,0.88,-9.99003,0.408629
103,0.88,-10.4071,0.408629
104,0.88,-11.9881,0.408629
105,0.88,-9.94062,0.410653
106,0.88,-10.5482,0.408629
107,0.88,-10.1614,0.408629
108,0.88,-9.06634,0.408629
109,0.88,-9.71623,0.408629
110,0.88,-11.2972,0.408629
111,0.88,-12.9328,0.408629
112,0.88,-11.1972,0.408629
113,0.88,-11.8632,0.408629
114,0.88,-10.9854,0.408629
115,0.88,-8.83324,0.408629
116,0.88,-11.3734,0.410653
117,0.88,-10.085,0.408629
118,0.88,-10.7465,0.408629
119,0.88,-11.2269,0.408629
120,0.88,-10.1276,0.408629
121,0.88,-12.0912,0.408629
122,0.88,-11.6424,0.408629
123,0.88,-11.1981,0.408629
124,0.88,-9.44956,0.408629
125,0.88,-11.8087,0.408629
126,0.88,-10.9089,0.408629
127,0.88,-9.1855,0.408629
128,0.88,-10.6231,0.408629
129,0.88,-8.59143,0.408629
130,0.88,-10.0511,0.408629
131,0.88,-11.8287,0.408629
132,0.88,-9.49477,0.408629
133,0.88,-10.9554,0.408629
134,0.88,-10.8466,0.408629
135,0.88,-7.91217,0.408629
136,0.88,-9.89026,0.408629
137,0.88,-9.64394,0.408629
138,0.88,-9.14093,0.408629
139,0.88,-11.4335,0.408629
140,0.88,-10.9847,0.408629
141,0.88,-8.47362,0.408629
142,0.88,-9.06959,0.410653
143,0.88,-7.83695,0.408629
144,0.88,-8.78582,0.408629
145,0.88,-8.85232,0.408629
146,0.88,-8.36998,0.408629
147,0.88,-7.39467,0.408629
148,0.88,-7.34138,0.408629
149,0.88,-6.11294,0.408629
150,0.88,-5.47533,0.408629
151,0.88,-4.75117,0.408629
152,0.88,-4.72924,0.408629
153,0.88,-3.92955,0.408629
154,0.88,-4.46289,0.408629
155,0.88,-4.19495,0.408629
156,0.88,-3.02138,0.408629
157,0.88,-2.40697,0.408629
158,0.88,-1.21439,0.408629
159,0.88,-3.40816,0.408629
160,0.88,-1.47426,0.408629
161,0.88,-1.25509,0.408629
162,0.88,-1.01067,0.408629
163,0.88,-1.69255,0.408629
164,0.88,0.755936,0.408629
165,0.88,-0.61423,0.408629
166,0.88,0.125763,0.408629
167,0.88,-0.794359,0.408629
168,0.88,0.0392214,0.408629
169,0.88,0.704312,0.408629
170,0.88,0.154504,0.408629
171,0.88,-1.26831,0.408629
172,0.88,-1.6186,0.408629
173,0.88,-1.19373,0.408629
174,0.88,0.641999,0.408629
175,0.88,-0.817953,0.408629
176,0.88,0.179049,0.408629
177,0.88,0.476677,0.408629
178,0.88,-0.893805,0.408629
179,0.88,-0.0392432,0.408629
180,0.88,0.185462,0.408629
181,0.88,0.231306,0.408629
182,0.88,2.60069,0.408629
183,0.88,3.52627,0.408629
184,0.88,7.15704,0.408629
185,0.88,10.1666,0.408629
186,0.88,10.5796,0.408629
187,0.88,15.0029,0.408629
188,0.88,15.8881,0.408629
189,0.88,20.3973,0.410653
190,0.88,21.9718,0.408629
191,0.88,24.9834,0.408629
192,0.88,27.2239,0.410653
193,0.88,30.2564,0.408629
194,0.88,31.4513,0.408629
195,0.88,34.6743,0.408629
196,0.88,36.4951,0.408629
197,0.88,39.6755,0.408629
198,0.88,40.5362,0.408629
199,0.88,43.5274,0.408629
200,0.88,44.0165,0.408629
201,0.88,47.3593,0.408629
202,0.88,48.6484,0.408629
203,0.88,48.9157,0.408629
204,0.88,53.3936,0.408629
205,0.88,55.0405,0.408629
206,0.88,55.4021,0.408629
207,0.88,56.8174,0.408629
208,0.88,59.0392,0.408629
209,0.88,59.0302,0.408629
210,0.88,62.5238,0.408629
211,0.88,61.8583,0.408629
212,0.88,63.297,0.408629
213,0.88,64.179,0.408629
214,0.88,64.8841,0.408629
215,0.88,65.6105,0.408629
216,0.88,68.5371,0.408629
217,0.88,70.3357,0.408629
218,0.88,74.0142,0.408629
219,0.88,76.7901,0.410653
220,0.88,82.1406,0.408629
221,0.88,90.7252,0.408629
222,0.88,96.875,0.408629
223,0.88,107.971,0.408629
224,0.88,119.331,0.408629
225,0.88,131.713,0.410653
226,0.88,144.196,0.408629
227,0.88,154.606,0.408629
228,0.88,168.37,0.408629
229,0.88,178.37,0.410653
230,0.88,187.396,0.408629
231,0.88,196.108,0.410653
232,0.88,201.913,0.408629
233,0.88,208.622,0.408629
234,0.88,211.734,0.410653
235,0.88,214.098,0.410653
236,0.88,218.679,0.410653
237,0.88,218.71,0.408629
238,0.88,223.151,0.410653
239,0.88,222.988,0.408629
240,0.88,222.793,0.410653
241,0.88,225.64,0.410653
242,0.88,227.269,0.410653
243,0.88,228.237,0.410653
244,0.88,231.4,0.408629
245,0.88,233.522,0.410653
246,0.88,232.046,0.410653
247,0.88,233.474,0.408629
248,0.88,234.436,0.410653
249,0.88,236.641,0.410653
250,0.88,236.975,0.410653
251,0.88,235.911,0.410653
252,0.88,237.569,0.408629
253,0.88,238.567,0.410653
254,0.88,237.416,0.410653
255,0.88,237.311,0.408629
256,0.88,238.542,0.410653
257,0.88,239.671,0.410653
258,0.88,238.782,0.410653
259,0.88,239.792,0.410653
260,0.88,240.003,0.410653
261,0.88,241.011,0.410653
262,0.88,241.612,0.410653
263,0.88,242.231,0.410653
264,0.88,240.258,0.410653
265,0.88,241.323,0.410653
266,0.88,241.541,0.410653
267,0.88,241.881,0.410653
268,0.88,240.688,0.410653
269,0.88,241.297,0.408629
270,0.88,241.392,0.408629
271,0.88,242.115,0.410653
272,0.88,240.6,0.410653
273,0.88,241.232,0.410653
274,0.88,242.353,0.410653
275,0.88,242.357,0.410653
276,0.88,241.329,0.410653
277,0.88,241.92,0.408629
278,0.88,240.502,0.410653
279,0.88,240.793,0.408629
280,0.88,242.003,0.410653
281,0.88,242.528,0.410653
282,0.88,242.418,0.410653
283,0.88,241.974,0.410653
284,0.88,241.993,0.410653
285,0.88,241.204,0.410653
286,0.88,240.454,0.410653
287,0.88,242.673,0.410653
288,0.88,239.302,0.410653
289,0.88,240.805,0.410653
290,0.88,239.618,0.410653
291,0.88,239.859,0.408629
292,0.88,240.813,0.408629
293,0.88,238.921,0.410653
294,0.88,239.665,0.410653
295,0.88,239.313,0.408629
296,0.88,237.847,0.410653
297,0.88,237.373,0.410653
298,0.88,237.614,0.410653
299,0.88,237.402,0.410653
300,0.88,235.816,0.408629
301,0.88,236.253,0.410653
302,0.88,234.45,0.410653
303,0.88,233.595,0.410653
304,0.88,231.046,0.410653
305,0.88,231.015,0.410653
306,0.88,231.213,0.408629
307,0.88,230.182,0.410653
308,0.88,228.546,0.408629
309,0.88,226.804,0.408629
310,0.88,222.697,0.410653
311,0.88,221.246,0.410653
312,0.88,215.316,0.410653
313,0.88,210.163,0.410653
314,0.88,200.028,0.410653
315,0.88,191.472,0.408629
316,0.88,178.424,0.408629
317,0.88,162.994,0.408629
318,0.88,147.013,0.408629
319,0.88,130.985,0.408629
320,0.88,113.81,0.408629
321,0.88,98.303,0.408629
322,0.88,82.9962,0.408629
323,0.88,66.0257,0.408629
324,0.88,51.4185,0.408629
325,0.88,43.8303,0.408629
326,0.88,34.5316,0.408629
327,0.88,27.4292,0.408629
328,0.88,23.2839,0.408629
329,0.88,21.3923,0.408629
330,0.88,21.4475,0.408629
331,0.88,20.7883,0.408629
332,0.88,20.6327,0.408629
333,0.88,18.5888,0.408629
334,0.88,16.5807,0.408629
335,0.88,15.8307,0.408629
336,0.88,11.2633,0.408629
337,0.88,11.2582,0.408629
338,0.88,12.0414,0.408629
339,0.88,8.81034,0.408629
340,0.88,8.43876,0.408629
341,0.88,7.91508,0.408629
342,0.88,7.99323,0.408629
343,0.88,7.90281,0.408629
344,0.88,8.22957,0.408629
345,0.88,8.34866,0.408629
346,0.88,6.89037,0.408629
347,0.88,6.94239,0.408629
348,0.88,6.38965,0.408629
349,0.88,4.68464,0.408629
350,0.88,5.54601,0.408629
351,0.88,7.20225,0.408629
352,0.88,5.65322,0.408629
353,0.88,4.42605,0.408629
354,0.88,5.92345,0.408629
355,0.88,4.46738,0.408629
356,0.88,4.49937,0.408629
357,0.88,4.58329,0.408629
358,0.88,4.58298,0.410653
359,0.88,4.0319,0.408629
360,0.88,2.43703,0.408629
361,0.88,4.07933,0.408629
362,0.88,4.94846,0.408629
363,0.88,4.64949,0.408629
364,0.88,3.35422,0.408629
365,0.88,2.56387,0.408629
366,0.88,2.87639,0.408629
367,0.88,2.87932,0.408629
368,0.88,4.45803,0.408629
369,0.88,2.9429,0.408629
